summer = [0.00100678, 0.0141516, 0.0402985, 0.0584249, 0.0526571, 0.0855308, 0.10201, 0.103385, 0.0956621, 0.0866017, 0.0880337, 0.067435, 0.0663999, 0.0375314, 0.0364638, 0.0263939, 0.0143403, 0.00921494, 0.00524776, 0.00289851, 0.00152554, 0.00042703, 3.05027e-05, 1.19904e-12, 1.19904e-12, 1.19904e-12, 1.19904e-12]
spring = [0.000732183, 0.0122001, 0.0350232, 0.0493665, 0.0452762, 0.0735993, 0.0847688, 0.0796113, 0.0820231, 0.07693, 0.0733273, 0.0689335, 0.0694828, 0.049891, 0.0439713, 0.039089, 0.0296286, 0.0211769, 0.0203222, 0.0119306, 0.0124803, 0.00524801, 0.00299007, 0.00262401, 0.0012508, 0.00118987, 0.00173897]
fall = [0.000671178, 0.0107071, 0.0320964, 0.0472612, 0.0443926, 0.0709448, 0.0866318, 0.0792766, 0.0858078, 0.0737872, 0.0797684, 0.0698481, 0.0734506, 0.0476944, 0.0453141, 0.0408896, 0.0277058, 0.0224274, 0.0191931, 0.0123579, 0.0108932, 0.00530928, 0.00222728, 0.00280717, 0.000945717, 0.000854239, 0.00173911]
winter = [0.000488132, 0.0073812, 0.0240097, 0.0365815, 0.034811, 0.0596249, 0.0768363, 0.0695417, 0.0791547, 0.0719862, 0.0746102, 0.0680497, 0.0712538, 0.0504107, 0.0446423, 0.0473583, 0.037715, 0.0278281, 0.0320703, 0.0181552, 0.0223672, 0.0111062, 0.00555342, 0.0076589, 0.00439353, 0.00427155, 0.00729212]
